4294967278,42
4294967278,41
4294967278,40
4294967278,39
4294967278,38
4294967278,37
4294967278,35
4294967278,32
4294967278,31
4294967278,30
4294967278,23
4294967278,21
4294967278,20
4294967278,19
4294967278,18
4294967278,17
4294967278,16
4294967278,15
4294967278,14
4294967278,13
4294967278,12
4294967278,11
4294967278,10
4294967278,9
4294967278,8
4294967279,129
4294967279,128
4294967279,127
4294967279,125
4294967279,118
4294967279,117
4294967278,228
4294967278,226
4294967294,11
4294967294,68
4294967278,335
4294967279,439
4294967278,59
4294967278,243
4294967278,54
4294967278,52
4294967278,51
4294967278,50
4294967278,49
4294967278,48
4294967278,47
4294967278,45
4294967278,43
4294967278,36
4294967278,34
4294967278,33
4294967278,29
4294967278,26
4294967278,24
4294967278,22
4294967278,428
4294967278,235
4294967279,393
4294967279,526
4294967279,291
4294967279,205
4294967278,239
4294967278,88
4294967279,389
4294967278,194
4294967279,188
4294967278,186
4294967279,185
4294967278,184
4294967278,183
4294967279,183
4294967279,182
4294967279,179
4294967279,178
4294967279,177
4294967279,170
4294967278,56
4294967278,445
4294967279,432
4294967294,408
4294967294,396
4294967294,397
4294967294,412
4294967294,177
4294967294,415
4294967294,180
4294967294,459
4294967294,108
4294967294,384
4294967294,469
4294967278,53
4294967278,165
4294967279,405
4174,5
4174,4
4174,3
4174,2
4174,1
4294967279,392
4294967278,44
4294967279,158
4294967278,354
4294967279,396
4294967279,574
4294967279,431
4172,5
4172,4
4294967279,146
4172,3
4172,2
4172,1
4294967279,143
4294967279,142
4294967294,165
4294967279,141
4294967294,114
4294967278,28
4294967278,27
4294967278,352
4294967278,25
4294967279,136
4294967279,390
4294967279,270
4170,5
4170,4
4170,3
4170,2
4170,1
4294967278,325
4294967294,900
4294967294,960
4294967294,961
4294967294,173
4294967294,909
4294967294,386
4294967294,387
4294967279,557
4294967279,275
4168,6
4168,5
4168,4
4168,3
4168,2
4168,1
4294967279,414
4294967278,275
4294967279,242
4294967278,263
4294967278,324
4294967278,321
4294967278,254
4294967278,356
4294967278,355
4294967278,318
4294967278,253
4294967278,250
4294967278,248
4294967278,240
4294967278,237
4294967278,234
4165,6
4165,5
4294967278,232
4165,4
4165,3
4165,2
4165,1
4294967278,230
4294967278,233
4294967279,224
4294967279,260
4294967278,229
4294967278,222
4294967278,326
4294967278,213
4294967279,209
4294967294,1417
4294967278,225
4162,6
4162,5
4162,4
4162,3
4162,2
4162,1
4294967278,223
4294967279,195
4294967278,192
4294967278,221
4294967278,308
4294967279,292
4294967278,179
4294967279,429
4159,6
4159,5
4159,4
4159,3
4159,2
4159,1
4294967279,427
4294967294,389
4294967278,219
4294967278,58
4294967278,57
4294967278,55
4294967279,166
4294967278,46
4294967279,160
4294967278,305
4156,4
4156,3
4156,2
4156,1
4294967279,404
4294967294,423
4294967294,1420
4294967294,1419
4294967294,1418
4294967279,151
4294967278,329
4155,6
4294967279,150
4155,5
4294967294,107
4155,4
4155,3
4155,2
4155,1
4294967294,903
4294967294,902
4294967294,91
4294967294,90
4294967294,87
4294967294,86
4294967294,84
4294967294,420
4294967294,168
4294967294,455
4294967294,403
4294967294,413
4294967294,448
4294967294,399
4294967294,407
4294967294,53
4294967294,44
4294967294,40
4294967294,37
4294967279,513
4154,6
4294967279,426
4294967278,332
4154,5
4154,4
4154,3
4154,2
4154,1
4294967278,341
4294967278,269
4294967278,339
4152,5
4152,4
4152,3
4152,2
4152,1
4294967279,276
4294967278,286
4294967278,132
4294967278,131
4294967278,130
4294967278,414
4294967278,129
4294967278,310
4294967278,128
4294967278,127
4294967278,126
4294967278,403
4294967278,125
4294967278,124
4294967278,123
4294967278,122
4294967278,121
4294967278,120
4294967278,119
4294967278,118
4294967278,117
4294967278,116
4294967278,115
4294967278,114
4294967278,314
4294967278,113
4294967278,112
4294967278,369
4294967278,111
4294967278,110
4294967278,109
4294967278,108
4294967278,107
4294967278,106
4294967278,105
4294967278,104
4294967278,103
4294967278,97
4294967278,95
4294967278,94
4294967278,92
4294967278,90
4294967278,89
4294967278,87
4294967278,86
4294967278,82
4294967278,80
4294967278,79
4294967278,78
4294967278,77
4294967278,75
4294967278,74
4294967278,68
4294967278,66
4294967278,65
4294967278,64
4294967278,63
4294967278,61
4294967278,60
4294967278,260
4294967279,83
4294967279,81
4294967279,80
4294967279,79
4294967279,78
4294967279,77
4294967279,76
4294967279,75
4294967279,74
4294967279,73
4294967279,72
4294967279,71
4294967279,70
4294967279,69
4294967279,68
4294967279,67
4294967279,66
4294967279,65
4294967279,64
4294967279,63
4294967279,62
4294967279,61
4294967279,60
4294967279,59
4294967279,57
4294967279,55
4294967279,54
4294967279,53
4294967279,52
4294967279,51
4294967279,49
4294967279,47
4294967279,46
4294967279,45
4294967279,44
4294967279,42
4294967279,41
4294967279,40
4294967279,39
4294967279,38
4294967279,37
4294967279,36
4294967279,35
4294967279,34
4294967279,33
4294967279,32
4294967279,30
4294967279,29
4294967279,28
4294967279,27
4294967279,26
4294967279,25
4294967279,24
4294967279,23
4294967279,20
4294967279,18
4294967279,17
4294967279,16
4294967279,15
4294967279,14
4294967279,13
4294967279,12
4294967279,11
4294967279,9
4294967278,296
4294967279,424
4294967279,6
4294967279,519
4294967278,389
4294967278,217
4294967279,423
4294967279,4
4294967279,422
4294967278,215
4294967279,420
4294967278,294
4294967279,411
4294967279,228
4294967278,383
4294967278,382
4294967278,426
4294967279,543
4294967279,425
4294967279,303
4294967278,336
4294967279,419
4294967279,518
4294967278,320
4294967279,274
4294967279,534
4294967279,384
4294967278,102
4294967278,101
4294967278,100
4294967278,99
4294967278,98
4294967278,425
4294967278,96
4294967278,91
4294967278,85
4294967278,272
4294967278,84
4294967278,76
4294967278,70
4294967278,69
4294967278,62
4294967279,218
4294967279,273
4294967279,82
4294967279,48
4294967279,43
4294967279,31
4294967279,22
4294967279,21
4294967279,19
4294967279,387
4294967279,10
4294967279,8
4294967279,7
4294967279,5
4294967279,223
4294967278,216
4294967278,211
4294967278,207
4294967278,206
4294967278,331
4294967279,266
4294967278,201
4294967278,195
4294967278,81
4294967279,573
4294967294,472
4294967279,191
4294967278,188
4294967278,187
4151,5
4294967279,187
4151,4
4151,3
4151,2
4151,1
4294967278,292
4294967279,186
4294967278,67
4294967278,392
4294967278,259
4294967294,391
4294967294,906
